 day method taste
  1   1    9.7
  1   2    8.7
  1   4    5.4
  1   5    5.0
  2   2    9.6
  2   3    8.8
  2   6    5.5
  2  10    3.6
  3   2    9.0
  3   4    7.3
  3   6    3.8
  3   7    4.3
  4   1    9.3
  4   3    8.7
  4   5    6.8
  4   7    3.8
  5   1   10.0
  5   4    7.5
  5   8    4.2
  5  10    2.8
  6   2    9.6
  6   7    5.1
  6   8    4.6
  6   9    3.6
  7   2    9.8
  7   5    7.4
  7   8    4.4
  7  10    3.8
  8   5    9.4
  8   7    6.3
  8   9    5.1
  8  10    2.0
  9   1    9.3
  9   2    9.3
  9   3    8.2
  9   9    3.3
 10   4    8.7
 10   5    9.0
 10   6    6.0
 10   9    3.3
 11   1    9.7
 11   6    6.7
 11   7    6.6
 11  10    2.8
 12   3    9.3
 12   4    8.1
 12   9    3.7
 12  10    2.6
 13   1    9.8
 13   6    7.3
 13   8    5.4
 13   9    4.0
 14   3    9.0
 14   4    8.3
 14   7    4.8
 14   8    3.8
 15   3    9.3
 15   5    8.3
 15   6    6.3
 15   8    3.8
