person period treat baseline appetite
 1  1  4   49   58.8
 1  3  1   44   39.3
 1  4  3   55   60.5
 1  5  2   41   57.4
 1  6  5   42   62.9
 1  7  7   48   62.0
 2  1  3   41   61.5
 2  2  5   48   43.5
 2  3  7   59   48.9
 2  4  4   67   48.6
 2  5  6   67   48.1
 2  6  2   65   58.3
 2  7  1   50   50.3
 3  1  6   69   81.3
 3  2  2   71   75.0
 3  3  3   74   85.2
 3  4  5   77   80.4
 3  5  4   79   83.6
 3  6  7   82   86.1
 3  7  1   77   84.4
 4  1  1   35   65.4
 4  2  4   55   77.6
 4  3  6   50   50.1
 4  4  5   52   76.5
 4  5  2   62   67.9
 4  6  3   58   79.6
 4  7  7   63   75.7
 5  1  5   82   77.2
 5  2  6   80   62.9
 5  3  7   83   51.7
 5  4  1   81   80.2
 5  5  2   81   74.8
 5  6  4   90   82.9
 5  7  3   79   80.0
 6  1  7    8   17.6
 6  2  2   17   22.9
 6  3  5   16   40.3
 6  4  6   61   29.1
 6  5  4    7   19.5
 6  6  3   26   23.2
 6  7  1   22   25.9
 7  1  1   78   81.9
 7  2  3   85   82.7
 7  3  6   93   73.4
 7  4  7   24   79.0
 7  5  5   81   77.0
 7  6  2   79   83.7
 7  7  4   79   80.0
 8  1  3   45   62.8
 8  2  7   69   61.0
 8  3  5   68   67.3
 8  4  2   77   72.3
 8  5  4   59   73.6
 8  6  6   64   67.0
 8  7  1   58   66.0
 9  1  1   42   70.0
 9  2  3   63   63.2
 9  3  4   41   64.2
 9  4  2   68   76.6
 9  5  5   65   73.9
 9  6  6   56   61.0
 9  7  7   76   72.9
10  1  5   59   69.4
10  2  6   49   62.9
10  3  4   34   62.7
10  4  3   61   72.4
10  5  1   27   55.0
10  6  2   32   57.7
10  7  7   61   63.9
