lamb sheep prenatal postnatal time glu baseline
1114 2055 NORM CONV 2.5 7.1661 2.9066
1114 2055 NORM CONV 10 5.9055 2.9066
1114 2055 NORM CONV 20 5.131 2.9066
1114 2055 NORM CONV 30 4.5036 2.9066
1114 2055 NORM CONV 60 3.4464 2.9066
1115 2055 NORM HCHF 2.5 8.6642 3.373
1115 2055 NORM HCHF 10 6.8156 3.373
1115 2055 NORM HCHF 20 4.7946 3.373
1115 2055 NORM HCHF 30 4.5431 3.373
1115 2055 NORM HCHF 60 3.1468 3.373
1116 640 NORM CONV 2.5 9.5743 3.9439
1116 640 NORM CONV 10 7.4997 3.9439
1116 640 NORM CONV 20 6.5782 3.9439
1116 640 NORM CONV 30 5.1254 3.9439
1116 640 NORM CONV 60 4.577 3.9439
1117 640 NORM HCHF 2.5 8.7207 2.8303
1117 640 NORM HCHF 10 7.5618 2.8303
1117 640 NORM HCHF 20 6.1486 2.8303
1117 640 NORM HCHF 30 5.2406 2.8303
1117 640 NORM HCHF 60 3.3786 2.8303
1118 729 NORM HCHF 2.5 8.2346 3.5611
1118 729 NORM HCHF 10 6.5726 3.5611
1118 729 NORM HCHF 20 6.1203 3.5611
1118 729 NORM HCHF 30 6.0355 3.5611
1118 729 NORM HCHF 60 3.9213 3.5611
1119 729 NORM CONV 2.5 8.8507 3.7856
1119 729 NORM CONV 10 7.0474 3.7856
1119 729 NORM CONV 20 5.7698 3.7856
1119 729 NORM CONV 30 4.1474 3.7856
1119 729 NORM CONV 60 3.9269 3.7856
1120 712 NORM HCHF 2.5 9.5026 3.3362
1120 712 NORM HCHF 10 7.7148 3.3362
1120 712 NORM HCHF 20 5.8574 3.3362
1120 712 NORM HCHF 30 3.4395 3.3362
1120 712 NORM HCHF 60 3.0097 3.3362
1121 712 NORM CONV 2.5 8.1216 3.0686
1121 712 NORM CONV 10 6.4408 3.0686
1121 712 NORM CONV 20 5.7236 3.0686
1121 712 NORM CONV 30 4.4336 3.0686
1121 712 NORM CONV 60 3.4112 3.0686
1122 598 NORM CONV 2.5 7.9128 3.6092
1122 598 NORM CONV 10 7.0082 3.6092
1122 598 NORM CONV 20 5.2097 3.6092
1122 598 NORM CONV 30 3.9357 3.6092
1122 598 NORM CONV 60 2.5534 3.6092
1123 598 NORM HCHF 2.5 8.8776 3.5075
1123 598 NORM HCHF 10 8.1537 3.5075
1123 598 NORM HCHF 20 6.9386 3.5075
1123 598 NORM HCHF 30 5.9109 3.5075
1123 598 NORM HCHF 60 3.8501 3.5075
1124 791 NORM CONV 2.5 10.514 4.1981
1124 791 NORM CONV 10 7.9182 4.1981
1124 791 NORM CONV 20 6.8798 4.1981
1124 791 NORM CONV 30 5.5041 4.1981
1124 791 NORM CONV 60 4.0428 4.1981
1125 791 NORM HCHF 2.5 9.5936 3.5718
1125 791 NORM HCHF 10 7.6184 3.5718
1125 791 NORM HCHF 20 5.6165 3.5718
1125 791 NORM HCHF 30 4.6316 3.5718
1125 791 NORM HCHF 60 3.6306 3.5718
1127 741 NORM CONV 2.5 8.6534 3.4512
1127 741 NORM CONV 10 6.451 3.4512
1127 741 NORM CONV 20 4.5746 3.4512
1127 741 NORM CONV 30 4.7465 3.4512
1127 741 NORM CONV 60 3.2057 3.4512
1129 616 NORM CONV 2.5 9.3742 3.7854
1129 616 NORM CONV 10 7.2118 3.7854
1129 616 NORM CONV 20 5.227 3.7854
1129 616 NORM CONV 30 4.057 3.7854
1129 616 NORM CONV 60 3.1221 3.7854
1130 616 NORM HCHF 2.5 8.5803 5.1226
1130 616 NORM HCHF 10 7.1518 5.1226
1130 616 NORM HCHF 20 6.7406 5.1226
1130 616 NORM HCHF 30 6.2978 5.1226
1130 616 NORM HCHF 60 4.6995 5.1226
1131 809 NORM CONV 2.5 9.3585 3.8738
1131 809 NORM CONV 10 8.1102 3.8738
1131 809 NORM CONV 20 6.6686 3.8738
1131 809 NORM CONV 30 5.6292 3.8738
1131 809 NORM CONV 60 4.3966 3.8738
1132 809 NORM HCHF 2.5 10.117 3.3363
1132 809 NORM HCHF 10 7.4991 3.3363
1132 809 NORM HCHF 20 6.2194 3.3363
1132 809 NORM HCHF 30 5.5247 3.3363
1132 809 NORM HCHF 60 3.8638 3.3363
1133 795 NORM HCHF 2.5 9.4839 4.0779
1133 795 NORM HCHF 10 7.5513 4.0779
1133 795 NORM HCHF 20 6.1672 4.0779
1133 795 NORM HCHF 30 5.3106 4.0779
1133 795 NORM HCHF 60 3.9474 4.0779
1134 795 NORM CONV 2.5 9.8569 3.7324
1134 795 NORM CONV 10 7.9651 3.7324
1134 795 NORM CONV 20 6.4872 3.7324
1134 795 NORM CONV 30 5.4704 3.7324
1134 795 NORM CONV 60 3.4486 3.7324
1135 747 LOW CONV 2.5 9.248 3.6306
1135 747 LOW CONV 10 6.8892 3.6306
1135 747 LOW CONV 20 5.1453 3.6306
1135 747 LOW CONV 30 3.8033 3.6306
1135 747 LOW CONV 60 3.3481 3.6306
1136 747 LOW HCHF 2.5 7.0649 4.223
1136 747 LOW HCHF 10 9.9396 4.223
1136 747 LOW HCHF 20 6.4754 4.223
1136 747 LOW HCHF 30 5.4054 4.223
1136 747 LOW HCHF 60 2.9993 4.223
1137 966 LOW HCHF 2.5 10.011 3.6943
1137 966 LOW HCHF 10 7.8824 3.6943
1137 966 LOW HCHF 20 6.9247 3.6943
1137 966 LOW HCHF 30 5.8724 3.6943
1137 966 LOW HCHF 60 4.4418 3.6943
1138 966 LOW CONV 2.5 9.6854 3.4131
1138 966 LOW CONV 10 7.4863 3.4131
1138 966 LOW CONV 20 5.3101 3.4131
1138 966 LOW CONV 30 5.0329 3.4131
1138 966 LOW CONV 60 3.4604 3.4131
1139 605 LOW CONV 2.5 8.7514 3.6437
1139 605 LOW CONV 10 7.1138 3.6437
1139 605 LOW CONV 20 5.8015 3.6437
1139 605 LOW CONV 30 4.625 3.6437
1139 605 LOW CONV 60 3.5491 3.6437
1140 605 LOW HCHF 2.5 9.6406 3.0279
1140 605 LOW HCHF 10 8.1272 3.0279
1140 605 LOW HCHF 20 7.2581 3.0279
1140 605 LOW HCHF 30 7.2642 3.0279
1140 605 LOW HCHF 60 4.9789 3.0279
1141 861 LOW HCHF 2.5 10.522 3.4108
1141 861 LOW HCHF 10 8.5831 3.4108
1141 861 LOW HCHF 20 6.9968 3.4108
1141 861 LOW HCHF 30 6.4802 3.4108
1141 861 LOW HCHF 60 4.5109 3.4108
1142 861 LOW CONV 2.5 9.4644 4.4623
1142 861 LOW CONV 10 7.3979 4.4623
1142 861 LOW CONV 20 5.5928 4.4623
1142 861 LOW CONV 30 4.3772 4.4623
1142 861 LOW CONV 60 3.4108 4.4623
1143 844 LOW CONV 2.5 9.9445 3.6175
1143 844 LOW CONV 10 7.7747 3.6175
1143 844 LOW CONV 20 6.0365 3.6175
1143 844 LOW CONV 30 5.3558 3.6175
1143 844 LOW CONV 60 4.8027 3.6175
1145 577 LOW CONV 2.5 9.4461 3.2771
1145 577 LOW CONV 10 6.7719 3.2771
1145 577 LOW CONV 20 5.5928 3.2771
1145 577 LOW CONV 30 4.4015 3.2771
1145 577 LOW CONV 60 2.3472 3.2771
1146 577 LOW HCHF 2.5 9.5859 3.1495
1146 577 LOW HCHF 10 7.9935 3.1495
1146 577 LOW HCHF 20 6.8023 3.1495
1146 577 LOW HCHF 30 6.2249 3.1495
1146 577 LOW HCHF 60 4.6629 3.1495
1148 718 LOW CONV 2.5 8.4829 3.2483
1148 718 LOW CONV 10 7.3821 3.2483
1148 718 LOW CONV 20 5.7687 3.2483
1148 718 LOW CONV 30 5.0321 3.2483
1148 718 LOW CONV 60 3.6306 3.2483
1149 940 LOW CONV 2.5 8.7916 3.9631
1149 940 LOW CONV 10 7.0734 3.9631
1149 940 LOW CONV 30 4.9882 3.9631
1149 940 LOW CONV 60 3.4395 3.9631
1151 721 LOW HCHF 2.5 9.8342 3.8466
1151 721 LOW HCHF 10 8.547 3.8466
1151 721 LOW HCHF 20 6.4211 3.8466
1151 721 LOW HCHF 30 4.5746 3.8466
1151 721 LOW HCHF 60 2.8024 3.8466
1152 721 LOW CONV 2.5 8.081 3.4447
1152 721 LOW CONV 10 6.6715 3.4447
1152 721 LOW CONV 30 4.1553 3.4447
1152 721 LOW CONV 60 2.6759 3.4447
1153 743 LOW CONV 2.5 9.3333 3.4564
1153 743 LOW CONV 10 6.7181 3.4564
1153 743 LOW CONV 20 5.1513 3.4564
1153 743 LOW CONV 30 4.0621 3.4564
1153 743 LOW CONV 60 3.4739 3.4564
1154 743 LOW HCHF 2.5 8.1015 2.7792
1154 743 LOW HCHF 10 9.3326 2.7792
1154 743 LOW HCHF 20 6.2309 2.7792
1154 743 LOW HCHF 30 6.48 2.7792
1154 743 LOW HCHF 60 4.2503 2.7792
