subj	eksp	size	position	v
1	1	S	15	1.25399205437468
1	1	S	15	1.14532590650207
1	1	S	15	1.14645989509315
1	1	S	15	1.14307894548379
1	1	S	15	1.20085265148501
1	1	S	15	1.18644154388556
1	1	S	15	1.28373303044741
1	1	S	15	1.22735739719526
1	1	S	15	1.26483879133125
1	1	S	15	1.20028769061274
2	1	S	15	0.821008271690367
2	1	S	15	0.917081180442755
2	1	S	15	0.959132540322097
2	1	S	15	0.81532992812934
2	1	S	15	0.909928861175046
2	1	S	15	0.891550750549547
2	1	S	15	0.897723212259311
2	1	S	15	0.797017235116839
2	1	S	15	0.831449915241711
2	1	S	15	0.812482969377543
3	1	S	15	1.02690577929202
3	1	S	15	1.17358732386126
3	1	S	15	1.23026106293814
3	1	S	15	1.12155976696259
3	1	S	15	1.08053932625109
3	1	S	15	1.09444435435309
3	1	S	15	1.14500221996133
3	1	S	15	1.19136692020026
3	1	S	15	1.26140751211135
3	1	S	15	1.14076054851607
4	1	S	15	1.13653879546082
4	1	S	15	1.0336164969656
4	1	S	15	1.02577955953283
4	1	S	15	1.04814469429995
4	1	S	15	1.0933262601653
4	1	S	15	0.971461098175325
4	1	S	15	1.02470418330742
4	1	S	15	0.961998303028999
4	1	S	15	1.06161682966989
4	1	S	15	1.0476883101195
5	1	S	15	0.924367446497667
5	1	S	15	0.648579884814293
5	1	S	15	0.678463801777798
5	1	S	15	0.695622114371369
5	1	S	15	0.761440581529288
5	1	S	15	0.675175552395259
5	1	S	15	0.731980722041095
5	1	S	15	0.728699562950699
5	1	S	15	0.682829163912094
5	1	S	15	0.693965237517717
6	1	S	15	0.743818714119589
6	1	S	15	0.770569887961749
6	1	S	15	0.746911974134538
6	1	S	15	0.784854524867041
6	1	S	15	0.910509450693319
6	1	S	15	0.782308304048801
6	1	S	15	0.810375724604853
6	1	S	15	0.822043115002993
6	1	S	15	0.935768818251701
6	1	S	15	0.769453818250082
7	1	S	15	0.942771501624231
7	1	S	15	0.93629476295503
7	1	S	15	0.917953254294612
7	1	S	15	0.899678474899462
7	1	S	15	0.935646836247258
7	1	S	15	0.898332916774254
7	1	S	15	0.865302917182545
7	1	S	15	0.831567900786557
7	1	S	15	0.902307827152746
7	1	S	15	0.882874522641758
8	1	S	15	0.87990273778115
8	1	S	15	1.0686219307378
8	1	S	15	1.05774994465817
8	1	S	15	1.02770094841272
8	1	S	15	0.967511211808798
8	1	S	15	1.00313937485964
8	1	S	15	0.887816299366807
8	1	S	15	0.949241669411261
8	1	S	15	0.953642804092493
8	1	S	15	1.07307778031276
9	1	S	15	1.29625673394827
9	1	S	15	1.0886408794519
9	1	S	15	1.02931700388084
9	1	S	15	1.15304495092535
9	1	S	15	1.36647386977998
9	1	S	15	1.26197891726653
9	1	S	15	1.18161154698499
9	1	S	15	1.34500952063532
9	1	S	15	1.28843412638774
9	1	S	15	1.16495183248559
10	1	S	15	0.883091223208952
10	1	S	15	1.08929513832297
10	1	S	15	0.915533285076737
10	1	S	15	1.01695864964867
10	1	S	15	0.997965432567723
10	1	S	15	0.91331734579032
10	1	S	15	1.0376425308129
10	1	S	15	1.01311432551209
10	1	S	15	0.810214798357852
10	1	S	15	0.970486296889215
1	2	M	15	1.38663717014068
1	2	M	15	1.37853089790457
1	2	M	15	1.19331111571704
1	2	M	15	1.28457913341785
1	2	M	15	1.19986705597078
1	2	M	15	1.22729061648572
1	2	M	15	1.24555824848666
1	2	M	15	1.32900251351797
1	2	M	15	1.24342211249984
1	2	M	15	1.34174766781277
2	2	M	15	1.02441182356998
2	2	M	15	1.04756300962152
2	2	M	15	1.03467379327347
2	2	M	15	1.09856776968086
2	2	M	15	1.17298351411813
2	2	M	15	1.18076286377997
2	2	M	15	1.14363906125084
2	2	M	15	1.04340481308029
2	2	M	15	1.10650850536133
2	2	M	15	1.03978681402487
3	2	M	15	1.27312536513236
3	2	M	15	1.39939097150947
3	2	M	15	1.370149564695
3	2	M	15	1.42205339707217
3	2	M	15	1.26246699207278
3	2	M	15	1.45484101727693
3	2	M	15	1.36931233354572
3	2	M	15	1.37648959997282
3	2	M	15	1.29554595261222
3	2	M	15	1.39159353259934
4	2	M	15	1.0767563131975
4	2	M	15	1.11877891987159
4	2	M	15	1.29636521500245
4	2	M	15	1.27562072206496
4	2	M	15	1.14698422655241
4	2	M	15	1.16840819622897
4	2	M	15	1.28739436782876
4	2	M	15	1.00794577664105
4	2	M	15	1.17270294387709
4	2	M	15	1.16118593775974
5	2	M	15	0.968335833324391
5	2	M	15	0.897056226081947
5	2	M	15	0.929091772461734
5	2	M	15	0.828781924207322
5	2	M	15	0.859387935839911
5	2	M	15	0.896052366261108
5	2	M	15	0.802420191606636
5	2	M	15	0.879118943552808
5	2	M	15	0.890051835406218
5	2	M	15	0.993357300264815
6	2	M	15	0.975141448621816
6	2	M	15	1.09326185247064
6	2	M	15	0.987688811396295
6	2	M	15	1.04707757833951
6	2	M	15	1.03730855717009
6	2	M	15	1.00759629086457
6	2	M	15	0.988500182689189
6	2	M	15	0.905160152539836
6	2	M	15	1.00319538668708
6	2	M	15	1.02131329205994
7	2	M	15	0.993306138106212
7	2	M	15	1.12955382514209
7	2	M	15	1.1296975853706
7	2	M	15	1.01029065004732
7	2	M	15	1.1431073349005
7	2	M	15	1.03878978754724
7	2	M	15	1.0234919462161
7	2	M	15	1.0524315358169
7	2	M	15	1.05042037416119
7	2	M	15	0.975308946043764
8	2	M	15	1.14683123690747
8	2	M	15	1.36590541889111
8	2	M	15	1.21259154874248
8	2	M	15	1.224307377969
8	2	M	15	1.31021427800653
8	2	M	15	1.2054181141985
8	2	M	15	1.08798675538936
8	2	M	15	1.20095701395629
8	2	M	15	1.40438555350113
8	2	M	15	1.18980343663806
9	2	M	15	1.29584761699231
9	2	M	15	1.38871918391205
9	2	M	15	1.37674481806781
9	2	M	15	1.41150105638285
9	2	M	15	1.44002265535784
9	2	M	15	1.44785496597571
9	2	M	15	1.40175676214061
9	2	M	15	1.56714847445815
9	2	M	15	1.54275171615403
9	2	M	15	1.48312140394598
10	2	M	15	1.00888286442673
10	2	M	15	1.09912555006907
10	2	M	15	1.01731722150169
10	2	M	15	1.17074600662677
10	2	M	15	1.26895031914936
10	2	M	15	1.12707342867808
10	2	M	15	1.12942103915238
10	2	M	15	1.21741682683647
10	2	M	15	1.01867575921277
10	2	M	15	1.10045658196193
1	3	T	15	1.39994239647683
1	3	T	15	1.33749677338628
1	3	T	15	1.24629018801866
1	3	T	15	1.41502089671756
1	3	T	15	1.40926485235113
1	3	T	15	1.14878952557294
1	3	T	15	1.44199476018569
1	3	T	15	1.28117390975399
1	3	T	15	1.4111386257699
1	3	T	15	1.27746109233404
2	3	T	15	1.30754166944908
2	3	T	15	1.29429013525634
2	3	T	15	1.31820579348658
2	3	T	15	1.23871833586202
2	3	T	15	1.3717592889009
2	3	T	15	1.24510944954759
2	3	T	15	1.25246839802021
2	3	T	15	1.1801187707602
2	3	T	15	1.19966597391576
2	3	T	15	1.23574825859739
3	3	T	15	1.73446745160258
3	3	T	15	1.60254530813836
3	3	T	15	1.55808382268298
3	3	T	15	1.60724231999233
3	3	T	15	1.54808657558549
3	3	T	15	1.5186667412716
3	3	T	15	1.54300630635594
3	3	T	15	1.68903488114777
3	3	T	15	1.7535788333255
3	3	T	15	1.81960260944141
4	3	T	15	1.36169573310841
4	3	T	15	1.29680347814846
4	3	T	15	1.48425592968212
4	3	T	15	1.32589296112504
4	3	T	15	1.23943190077803
4	3	T	15	1.31927910491529
4	3	T	15	1.40951324311775
4	3	T	15	1.32189371451101
4	3	T	15	1.3702413096319
4	3	T	15	1.32060032257442
5	3	T	15	0.977957694441622
5	3	T	15	0.972054488190998
5	3	T	15	0.829797929277244
5	3	T	15	1.06482784157733
5	3	T	15	0.779693756246082
5	3	T	15	0.893784362778023
5	3	T	15	0.851519611330802
5	3	T	15	0.846017684749426
5	3	T	15	0.988684396107079
5	3	T	15	1.1045475842393
6	3	T	15	1.17806331674605
6	3	T	15	1.1322227061487
6	3	T	15	1.15032589103533
6	3	T	15	1.15198786819543
6	3	T	15	1.19168699613916
6	3	T	15	1.16221086853823
6	3	T	15	1.25165547506222
6	3	T	15	1.19307939976924
6	3	T	15	1.15430618019738
6	3	T	15	1.16574874678505
7	3	T	15	1.48606743720628
7	3	T	15	1.36507093304842
7	3	T	15	1.28414304761088
7	3	T	15	1.36412469022198
7	3	T	15	1.34623458667479
7	3	T	15	1.39138495541134
7	3	T	15	1.32100676515248
7	3	T	15	1.32834403638069
7	3	T	15	1.24228783103061
7	3	T	15	1.31004045677221
8	3	T	15	1.44623292446736
8	3	T	15	1.52035287711841
8	3	T	15	1.5042765281334
8	3	T	15	1.3795826626056
8	3	T	15	1.51200370263854
8	3	T	15	1.3559886430983
8	3	T	15	1.56120404804333
8	3	T	15	1.47094193357695
8	3	T	15	1.29419896135888
8	3	T	15	1.36631430184162
9	3	T	15	1.33820585651614
9	3	T	15	1.46386642715572
9	3	T	15	1.60016189748787
9	3	T	15	1.7683123785046
9	3	T	15	1.60378458207026
9	3	T	15	1.64072830589536
9	3	T	15	1.54409706478854
9	3	T	15	1.48308428174923
9	3	T	15	1.75610536960546
9	3	T	15	1.56197178900613
10	3	T	15	1.28886063400571
10	3	T	15	1.19465691933418
10	3	T	15	1.50323781251412
10	3	T	15	1.53217822203128
10	3	T	15	1.41971955203385
10	3	T	15	1.31630609848366
10	3	T	15	1.16375174756467
10	3	T	15	1.59658071481179
10	3	T	15	1.3839452845993
10	3	T	15	1.24533902889488
1	4	S	22.5	1.0203246553501
1	4	S	22.5	1.07018092123627
1	4	S	22.5	1.21003703309711
1	4	S	22.5	1.0728909399961
1	4	S	22.5	0.957056383728812
1	4	S	22.5	1.20072784339174
1	4	S	22.5	1.08129410129761
1	4	S	22.5	0.969004170052349
1	4	S	22.5	1.1223892058949
1	4	S	22.5	1.2794506790765
2	4	S	22.5	0.670518931903541
2	4	S	22.5	0.891936901917562
2	4	S	22.5	0.874494548433519
2	4	S	22.5	0.841947438514121
2	4	S	22.5	0.847189637240865
2	4	S	22.5	0.967765718847971
2	4	S	22.5	0.767605785722039
2	4	S	22.5	0.740304340603712
2	4	S	22.5	0.807022961753038
2	4	S	22.5	0.861382493312902
3	4	S	22.5	1.25289532625855
3	4	S	22.5	1.14068589020402
3	4	S	22.5	1.05999501271239
3	4	S	22.5	0.9635070693244
3	4	S	22.5	1.03924149426755
3	4	S	22.5	1.07003750538411
3	4	S	22.5	1.08074944384958
3	4	S	22.5	1.02237295235181
3	4	S	22.5	1.12438898622843
3	4	S	22.5	1.13613750669874
4	4	S	22.5	1.07841484991447
4	4	S	22.5	1.05782726946722
4	4	S	22.5	1.03431589651256
4	4	S	22.5	1.0131988570245
4	4	S	22.5	0.821732130326211
4	4	S	22.5	0.993629817920794
4	4	S	22.5	0.866351671880319
4	4	S	22.5	0.910391134820065
4	4	S	22.5	0.87654838528064
4	4	S	22.5	0.97472232680205
5	4	S	22.5	0.930500968807846
5	4	S	22.5	0.975153294451613
5	4	S	22.5	0.792384987708389
5	4	S	22.5	0.770688146406023
5	4	S	22.5	0.591645530323433
5	4	S	22.5	0.674896041707303
5	4	S	22.5	0.640232203975816
5	4	S	22.5	0.698423665047762
5	4	S	22.5	0.58953731356209
5	4	S	22.5	0.594852309083946
6	4	S	22.5	0.737717444125238
6	4	S	22.5	0.672657709526654
6	4	S	22.5	0.726563682479343
6	4	S	22.5	0.792426647159306
6	4	S	22.5	0.833373884262485
6	4	S	22.5	0.881364440578493
6	4	S	22.5	0.817010519157024
6	4	S	22.5	0.83243663256443
6	4	S	22.5	0.769186063453307
6	4	S	22.5	0.78595787865602
7	4	S	22.5	0.826659120791764
7	4	S	22.5	0.976529518417063
7	4	S	22.5	0.950744265457107
7	4	S	22.5	1.04793929058789
7	4	S	22.5	0.904587429287876
7	4	S	22.5	0.911695084458416
7	4	S	22.5	1.01309181394735
7	4	S	22.5	0.899101545293925
7	4	S	22.5	0.849875316277807
7	4	S	22.5	0.912535512192097
8	4	S	22.5	1.00890788510825
8	4	S	22.5	1.04216612302013
8	4	S	22.5	0.95019503921437
8	4	S	22.5	0.914493565879556
8	4	S	22.5	1.06828394655901
8	4	S	22.5	0.756056167755901
8	4	S	22.5	1.00908710721078
8	4	S	22.5	0.90024436232053
8	4	S	22.5	0.88093260722272
8	4	S	22.5	1.08597317903046
9	4	S	22.5	1.12503703663196
9	4	S	22.5	1.05049048823077
9	4	S	22.5	1.11035814936959
9	4	S	22.5	1.47659471273594
9	4	S	22.5	1.16801706303288
9	4	S	22.5	1.37724123894111
9	4	S	22.5	1.27528217783629
9	4	S	22.5	1.30794464575469
9	4	S	22.5	1.07759594215909
9	4	S	22.5	1.20074494791063
10	4	S	22.5	0.870170158114355
10	4	S	22.5	0.786496188644282
10	4	S	22.5	0.818459578113114
10	4	S	22.5	0.930407911003369
10	4	S	22.5	0.922697658447901
10	4	S	22.5	1.11442131393532
10	4	S	22.5	0.935847612656332
10	4	S	22.5	0.971828522699503
10	4	S	22.5	0.994290306396972
10	4	S	22.5	0.934344500307076
1	5	M	22.5	1.21550697362087
1	5	M	22.5	1.23465595595198
1	5	M	22.5	1.11564400781539
1	5	M	22.5	1.24199802465223
1	5	M	22.5	1.30645884106031
1	5	M	22.5	1.3078750203971
1	5	M	22.5	1.31443127682292
1	5	M	22.5	1.18289727608756
1	5	M	22.5	1.45376110585086
1	5	M	22.5	1.32077104682718
2	5	M	22.5	1.07592965538425
2	5	M	22.5	0.977247275355539
2	5	M	22.5	1.02334343900512
2	5	M	22.5	1.16300226247876
2	5	M	22.5	1.07714692861322
2	5	M	22.5	1.08835431115233
2	5	M	22.5	1.29512774071749
2	5	M	22.5	0.973771881065991
2	5	M	22.5	1.09413334232503
2	5	M	22.5	1.09931440718793
3	5	M	22.5	1.26300713047591
3	5	M	22.5	1.58229253808095
3	5	M	22.5	1.34223761741717
3	5	M	22.5	1.35884494888098
3	5	M	22.5	1.26640723619001
3	5	M	22.5	1.35961220432663
3	5	M	22.5	1.34874185993832
3	5	M	22.5	1.33051512706881
3	5	M	22.5	1.5061034436258
3	5	M	22.5	1.35506025110542
4	5	M	22.5	1.30702739096598
4	5	M	22.5	1.34089738848394
4	5	M	22.5	1.14580281902367
4	5	M	22.5	1.2965335706085
4	5	M	22.5	1.15698813297806
4	5	M	22.5	1.11421361664156
4	5	M	22.5	1.19195033819369
4	5	M	22.5	1.07835974116666
4	5	M	22.5	0.97356730678543
4	5	M	22.5	1.15169004783328
5	5	M	22.5	0.963866921177447
5	5	M	22.5	0.894330402636174
5	5	M	22.5	0.972933622034934
5	5	M	22.5	0.795297878414521
5	5	M	22.5	0.697797403544863
5	5	M	22.5	0.82529276443773
5	5	M	22.5	0.725219449999998
5	5	M	22.5	0.761948662364378
5	5	M	22.5	0.752344853673007
5	5	M	22.5	0.8221288693228
6	5	M	22.5	0.989219990345971
6	5	M	22.5	0.890719007557217
6	5	M	22.5	0.985128303386814
6	5	M	22.5	1.02615615303958
6	5	M	22.5	1.03594820887267
6	5	M	22.5	1.06438188219192
6	5	M	22.5	1.09355780660557
6	5	M	22.5	0.982253462663621
6	5	M	22.5	0.957659213026058
6	5	M	22.5	1.02274158222871
7	5	M	22.5	1.20345028931599
7	5	M	22.5	1.06178768969121
7	5	M	22.5	1.10639957085518
7	5	M	22.5	1.16522102940323
7	5	M	22.5	1.12215197851986
7	5	M	22.5	1.1364458101185
7	5	M	22.5	1.26844266029621
7	5	M	22.5	1.18018082504365
7	5	M	22.5	1.06351447224236
7	5	M	22.5	1.10840056899259
8	5	M	22.5	0.987727679992656
8	5	M	22.5	1.34775988665059
8	5	M	22.5	1.33856620648104
8	5	M	22.5	1.22432337207167
8	5	M	22.5	1.24475924845474
8	5	M	22.5	1.18278816182904
8	5	M	22.5	1.12323253071781
8	5	M	22.5	1.22670765762696
8	5	M	22.5	1.24935256137511
8	5	M	22.5	1.23124728925826
9	5	M	22.5	1.45439431686808
9	5	M	22.5	1.36102256650944
9	5	M	22.5	1.23696344345385
9	5	M	22.5	1.34529432665795
9	5	M	22.5	1.3377519003485
9	5	M	22.5	1.47207419263762
9	5	M	22.5	1.45939172484868
9	5	M	22.5	1.50047358072197
9	5	M	22.5	1.46892560186803
9	5	M	22.5	1.45182738085787
10	5	M	22.5	1.08325507897396
10	5	M	22.5	1.0199805091563
10	5	M	22.5	1.17491652930444
10	5	M	22.5	1.1000454044429
10	5	M	22.5	1.19452350156634
10	5	M	22.5	1.31787003072737
10	5	M	22.5	1.25182317573774
10	5	M	22.5	1.20099012490358
10	5	M	22.5	1.24000338896188
10	5	M	22.5	1.18108467160801
1	6	T	22.5	1.52624358498245
1	6	T	22.5	1.56214764287885
1	6	T	22.5	1.30977168757996
1	6	T	22.5	1.42523854120174
1	6	T	22.5	1.37064329964526
1	6	T	22.5	1.26513710001194
1	6	T	22.5	1.43027670716437
1	6	T	22.5	1.24071512108271
1	6	T	22.5	1.26358620330378
1	6	T	22.5	1.36809662937612
2	6	T	22.5	1.13336780655982
2	6	T	22.5	1.40564644230751
2	6	T	22.5	1.30361885300412
2	6	T	22.5	1.2967540539757
2	6	T	22.5	1.29425388176453
2	6	T	22.5	1.2846721947552
2	6	T	22.5	1.2783374040384
2	6	T	22.5	1.23083316149738
2	6	T	22.5	1.22266784050532
2	6	T	22.5	1.22305052259176
3	6	T	22.5	1.31591121690792
3	6	T	22.5	1.46917850248242
3	6	T	22.5	1.37318785425735
3	6	T	22.5	1.48196447709802
3	6	T	22.5	1.61261844720026
3	6	T	22.5	1.69716098760477
3	6	T	22.5	1.41082337015336
3	6	T	22.5	1.52559858560065
3	6	T	22.5	1.65770408738497
3	6	T	22.5	1.7112511369954
4	6	T	22.5	1.3919922385512
4	6	T	22.5	1.40326968983011
4	6	T	22.5	1.47455434360449
4	6	T	22.5	1.32196556073559
4	6	T	22.5	1.24114518358227
4	6	T	22.5	1.33887886209385
4	6	T	22.5	1.415595119048
4	6	T	22.5	1.40215531978041
4	6	T	22.5	1.43183187886812
4	6	T	22.5	1.4669787195281
5	6	T	22.5	1.17573091596298
5	6	T	22.5	0.916225213189196
5	6	T	22.5	0.993376307615861
5	6	T	22.5	0.964117059010084
5	6	T	22.5	0.760998940260386
5	6	T	22.5	0.98825954008718
5	6	T	22.5	1.05973274678845
5	6	T	22.5	0.942042516301454
5	6	T	22.5	0.839628580730288
5	6	T	22.5	0.855591504071896
6	6	T	22.5	1.06757333535214
6	6	T	22.5	1.21940227029715
6	6	T	22.5	1.22418854756794
6	6	T	22.5	1.1735421681347
6	6	T	22.5	1.19440068659508
6	6	T	22.5	1.2685260469103
6	6	T	22.5	1.26108703425422
6	6	T	22.5	1.17598340828861
6	6	T	22.5	1.20825703359369
6	6	T	22.5	1.08362011363376
7	6	T	22.5	1.29627956184955
7	6	T	22.5	1.30059889637301
7	6	T	22.5	1.40622689466031
7	6	T	22.5	1.25947494238705
7	6	T	22.5	1.29025536282362
7	6	T	22.5	1.24489463068662
7	6	T	22.5	1.60790471595529
7	6	T	22.5	1.18381313567432
7	6	T	22.5	1.2698127325292
7	6	T	22.5	1.35039462933649
8	6	T	22.5	1.35350596195578
8	6	T	22.5	1.47507042058441
8	6	T	22.5	1.47280832385883
8	6	T	22.5	1.60762288719281
8	6	T	22.5	1.37760577666654
8	6	T	22.5	1.44745164894108
8	6	T	22.5	1.40289242135431
8	6	T	22.5	1.48196961443315
8	6	T	22.5	1.39356204996227
8	6	T	22.5	1.44302306031473
9	6	T	22.5	1.54500164804682
9	6	T	22.5	1.71754604279527
9	6	T	22.5	1.36712217701122
9	6	T	22.5	1.45832078881897
9	6	T	22.5	1.65304124370599
9	6	T	22.5	1.5932741509946
9	6	T	22.5	1.68687311415494
9	6	T	22.5	1.77836163176242
9	6	T	22.5	1.69697248679999
9	6	T	22.5	1.66364627025624
10	6	T	22.5	1.17610241294577
10	6	T	22.5	1.34765927526446
10	6	T	22.5	1.16056301065616
10	6	T	22.5	1.48119094277284
10	6	T	22.5	1.43958081936517
10	6	T	22.5	1.3182733806859
10	6	T	22.5	1.49975069971917
10	6	T	22.5	1.39683779541385
10	6	T	22.5	1.39270079491833
10	6	T	22.5	1.20168986713933
1	7	S	30	1.14692872751131
1	7	S	30	1.13171128460933
1	7	S	30	1.05933568279561
1	7	S	30	1.08874891432255
1	7	S	30	0.978956763552888
1	7	S	30	1.06777273317796
1	7	S	30	1.17815275207318
1	7	S	30	0.982167247233365
1	7	S	30	1.10605818603278
1	7	S	30	1.10965343203591
2	7	S	30	0.750772706765197
2	7	S	30	0.729100514829917
2	7	S	30	0.7634738381429
2	7	S	30	0.760856048506857
2	7	S	30	0.884615247702403
2	7	S	30	0.787105153047035
2	7	S	30	0.844764298106685
2	7	S	30	0.688661423578071
2	7	S	30	0.81554461001969
2	7	S	30	0.721721698665675
3	7	S	30	1.08260078228749
3	7	S	30	1.0368449161848
3	7	S	30	1.05804635828502
3	7	S	30	1.10092742577654
3	7	S	30	0.959464712613915
3	7	S	30	0.964064702829639
3	7	S	30	1.01384741758937
3	7	S	30	1.19241082906802
3	7	S	30	0.97212296139963
3	7	S	30	1.22278112785542
4	7	S	30	0.981883569664576
4	7	S	30	0.934165940829192
4	7	S	30	0.756279548269649
4	7	S	30	1.0541866723855
4	7	S	30	0.87101635910327
4	7	S	30	0.943561525144485
4	7	S	30	0.740947771582285
4	7	S	30	0.674041644098891
4	7	S	30	0.860210133369746
4	7	S	30	0.919316291572024
5	7	S	30	0.946512078758986
5	7	S	30	0.840363573115804
5	7	S	30	0.481846510895742
5	7	S	30	0.744946789315436
5	7	S	30	0.595021443352865
5	7	S	30	0.764083942169354
5	7	S	30	0.546873894205988
5	7	S	30	0.574172273809747
5	7	S	30	0.727548132623121
5	7	S	30	0.557280519225701
6	7	S	30	0.789427478328065
6	7	S	30	0.905228924340023
6	7	S	30	0.789406483237105
6	7	S	30	0.738340655726756
6	7	S	30	0.633368427096592
6	7	S	30	0.608292368997169
6	7	S	30	0.794665481563164
6	7	S	30	0.737219328956336
6	7	S	30	0.736431188701789
6	7	S	30	0.766378280856432
7	7	S	30	0.956423022866924
7	7	S	30	0.790034060566648
7	7	S	30	0.976392474975017
7	7	S	30	0.74784954449844
7	7	S	30	0.875522572463392
7	7	S	30	1.012553999737
7	7	S	30	0.948457555437169
7	7	S	30	0.910335043251473
7	7	S	30	0.924354742953385
7	7	S	30	0.881564324146177
8	7	S	30	0.89501627511938
8	7	S	30	0.865648020132923
8	7	S	30	0.972644430707161
8	7	S	30	1.18255568345792
8	7	S	30	0.906189087042552
8	7	S	30	1.15789144493374
8	7	S	30	0.932522692471548
8	7	S	30	0.966767443800706
8	7	S	30	0.96681824317446
8	7	S	30	0.897982066316847
9	7	S	30	1.20488045437475
9	7	S	30	1.38815968741684
9	7	S	30	1.06303732495503
9	7	S	30	1.10932786832527
9	7	S	30	1.25458828057677
9	7	S	30	1.28805961743752
9	7	S	30	1.14760738089388
9	7	S	30	1.23423348247001
9	7	S	30	1.25926403350137
9	7	S	30	1.21289687943427
10	7	S	30	1.00491541976347
10	7	S	30	0.757131329036745
10	7	S	30	0.808801890776579
10	7	S	30	0.834374478913912
10	7	S	30	0.825877638162697
10	7	S	30	0.877092208582501
10	7	S	30	0.996630760472832
10	7	S	30	0.877306067330204
10	7	S	30	0.974045459350205
10	7	S	30	0.895472231499166
1	8	M	30	1.31091104474119
1	8	M	30	1.27680589869667
1	8	M	30	1.13701384147376
1	8	M	30	1.09969332246537
1	8	M	30	1.21315592549394
1	8	M	30	1.48442747101021
1	8	M	30	1.39881778230459
1	8	M	30	1.28747327644004
1	8	M	30	1.18004527754106
1	8	M	30	1.45485863465367
2	8	M	30	1.10963088511967
2	8	M	30	0.952519217274592
2	8	M	30	1.11922727827573
2	8	M	30	0.98150260230774
2	8	M	30	1.05513085883269
2	8	M	30	1.06619253984468
2	8	M	30	0.943491724435013
2	8	M	30	1.07420471927344
2	8	M	30	1.08617184495082
2	8	M	30	0.987773312756619
3	8	M	30	1.38523608662783
3	8	M	30	1.32323873679365
3	8	M	30	1.34878057352024
3	8	M	30	1.33456339005514
3	8	M	30	1.1403019105506
3	8	M	30	1.19958091612581
3	8	M	30	1.35378519945628
3	8	M	30	1.20367520288616
3	8	M	30	1.24749380825393
3	8	M	30	1.18018011354584
4	8	M	30	1.26433980034671
4	8	M	30	1.14655452480065
4	8	M	30	1.18691449741024
4	8	M	30	1.12095042135851
4	8	M	30	1.03261706325296
4	8	M	30	1.16445985323439
4	8	M	30	1.09486947595557
4	8	M	30	1.18817007631977
4	8	M	30	0.990653246191067
4	8	M	30	0.77868789430183
5	8	M	30	0.965907932336457
5	8	M	30	0.751136354958522
5	8	M	30	0.786918729313993
5	8	M	30	0.920710540419583
5	8	M	30	0.745640650835928
5	8	M	30	0.723870937030377
5	8	M	30	0.629153645258996
5	8	M	30	0.709895161408465
5	8	M	30	0.727727659935736
5	8	M	30	0.801279939807564
6	8	M	30	0.89232716451553
6	8	M	30	0.986082948858265
6	8	M	30	0.917221440895512
6	8	M	30	1.04690868562376
6	8	M	30	1.03134219973645
6	8	M	30	0.867315137652083
6	8	M	30	0.92837093341512
6	8	M	30	0.94513528258103
6	8	M	30	0.990205690027505
6	8	M	30	1.01851804090904
7	8	M	30	1.0029535250801
7	8	M	30	0.926630395988715
7	8	M	30	1.13790953908093
7	8	M	30	1.0377858969595
7	8	M	30	1.06696042755672
7	8	M	30	0.958714450052632
7	8	M	30	0.983782611066298
7	8	M	30	0.995666110114221
7	8	M	30	1.02721487051666
7	8	M	30	1.00816950703412
8	8	M	30	1.1755474579213
8	8	M	30	1.2937885467065
8	8	M	30	1.36870098720905
8	8	M	30	1.11901350096066
8	8	M	30	1.26901455386114
8	8	M	30	1.2590323255824
8	8	M	30	1.08307725163938
8	8	M	30	1.32810209400593
8	8	M	30	1.24441878427288
8	8	M	30	1.24174639865224
9	8	M	30	1.2534649597093
9	8	M	30	1.18970841818999
9	8	M	30	1.44134367173109
9	8	M	30	1.52057232838367
9	8	M	30	1.39816185539141
9	8	M	30	1.52243346437571
9	8	M	30	1.34536507416768
9	8	M	30	1.51520659809513
9	8	M	30	1.4210803257757
9	8	M	30	1.35513332380884
10	8	M	30	0.930006887404211
10	8	M	30	0.976871535781302
10	8	M	30	1.09412173924076
10	8	M	30	1.07501387927799
10	8	M	30	1.09365113900164
10	8	M	30	0.966207521376221
10	8	M	30	1.12258824346011
10	8	M	30	1.12101066348102
10	8	M	30	1.0313429384283
10	8	M	30	1.20810722254492
1	9	T	30	1.46028702234375
1	9	T	30	1.46880325118969
1	9	T	30	1.29983801144045
1	9	T	30	1.44572899012407
1	9	T	30	1.3406649492003
1	9	T	30	1.35896987610633
1	9	T	30	1.61239821346728
1	9	T	30	1.283057345502
1	9	T	30	1.28938925992048
1	9	T	30	1.46238087832529
2	9	T	30	1.24098975337173
2	9	T	30	1.09871038465882
2	9	T	30	1.24779082529627
2	9	T	30	1.0724740394979
2	9	T	30	1.15925102785576
2	9	T	30	1.25140605809786
2	9	T	30	1.20282400177826
2	9	T	30	1.21775366536698
2	9	T	30	1.2085297299885
2	9	T	30	1.26282574853381
3	9	T	30	1.3938708584767
3	9	T	30	1.44817277736446
3	9	T	30	1.57715639513427
3	9	T	30	1.59151031236248
3	9	T	30	1.50119130773479
3	9	T	30	1.62103047260025
3	9	T	30	1.44643211429995
3	9	T	30	1.69799546393523
3	9	T	30	1.64451655210913
3	9	T	30	1.6388069644095
4	9	T	30	1.3997783048782
4	9	T	30	1.30632870177801
4	9	T	30	1.39012164557284
4	9	T	30	1.41472285784207
4	9	T	30	1.36286849189662
4	9	T	30	1.2746294368258
4	9	T	30	1.42789092497172
4	9	T	30	1.27764004974316
4	9	T	30	1.07415543270575
4	9	T	30	1.30033806002691
5	9	T	30	1.35016375677498
5	9	T	30	0.767943467026759
5	9	T	30	0.930234553625818
5	9	T	30	0.912780973150153
5	9	T	30	0.97026104909097
5	9	T	30	0.976848830916623
5	9	T	30	0.829447350141959
5	9	T	30	0.697732950299374
5	9	T	30	0.919776438264732
5	9	T	30	0.99496019175242
6	9	T	30	1.07566419071643
6	9	T	30	1.19064901592568
6	9	T	30	1.17105528537379
6	9	T	30	1.23405252261962
6	9	T	30	1.08070167766296
6	9	T	30	1.23280443095023
6	9	T	30	1.13125819544373
6	9	T	30	1.25184051022414
6	9	T	30	1.09279711127494
6	9	T	30	1.1692655389278
7	9	T	30	1.43144587752804
7	9	T	30	1.25241763177155
7	9	T	30	1.4097388748835
7	9	T	30	1.25732899173381
7	9	T	30	1.29207464711336
7	9	T	30	1.24850569198066
7	9	T	30	1.21747920031257
7	9	T	30	1.21935688310907
7	9	T	30	1.17756459072088
7	9	T	30	1.22819816457996
8	9	T	30	1.35665369699148
8	9	T	30	1.31365272329584
8	9	T	30	1.38805496495661
8	9	T	30	1.48082064857113
8	9	T	30	1.48519129090159
8	9	T	30	1.41549748745752
8	9	T	30	1.48631047665632
8	9	T	30	1.42518981360413
8	9	T	30	1.38825920189869
8	9	T	30	1.32596339583747
9	9	T	30	1.52245873596931
9	9	T	30	1.66460614776955
9	9	T	30	1.48777222396955
9	9	T	30	1.51166988423393
9	9	T	30	1.74920539130562
9	9	T	30	1.60126872900853
9	9	T	30	1.49715335346691
9	9	T	30	1.50880480892384
9	9	T	30	1.53859674150552
9	9	T	30	1.56346404625639
10	9	T	30	1.29779671109363
10	9	T	30	1.23210398543824
10	9	T	30	1.39762160853471
10	9	T	30	1.3305266027549
10	9	T	30	1.25287377673328
10	9	T	30	1.36240121029531
10	9	T	30	1.37221562172585
10	9	T	30	1.48715480464617
10	9	T	30	1.36017038158173
10	9	T	30	1.367039298042
1	10	S	37.5	1.13481383314394
1	10	S	37.5	1.132652390065
1	10	S	37.5	1.01913382246678
1	10	S	37.5	0.936120011872074
1	10	S	37.5	1.11622304370354
1	10	S	37.5	1.07713546327155
1	10	S	37.5	1.00405770395943
1	10	S	37.5	1.11596064513084
1	10	S	37.5	1.1400869347637
1	10	S	37.5	1.13168013179118
2	10	S	37.5	0.674911933774162
2	10	S	37.5	0.678054904795344
2	10	S	37.5	0.753440140353135
2	10	S	37.5	0.664922177040573
2	10	S	37.5	0.854002553951803
2	10	S	37.5	0.82323808658516
2	10	S	37.5	0.766639985857164
2	10	S	37.5	0.688995820357386
2	10	S	37.5	0.712743878547305
2	10	S	37.5	0.743823187184128
3	10	S	37.5	1.15916859097296
3	10	S	37.5	1.10973695486043
3	10	S	37.5	1.14394174614327
3	10	S	37.5	1.14308191304871
3	10	S	37.5	0.972087917363901
3	10	S	37.5	1.19721503155803
3	10	S	37.5	0.977268031427425
3	10	S	37.5	1.14693071158463
3	10	S	37.5	1.12993314090046
3	10	S	37.5	1.15693671648111
4	10	S	37.5	0.879814855193505
4	10	S	37.5	0.720328951619058
4	10	S	37.5	0.992039266886688
4	10	S	37.5	0.962072494315696
4	10	S	37.5	0.912598311087818
4	10	S	37.5	0.871463019157311
4	10	S	37.5	0.910163811986271
4	10	S	37.5	0.963773226748621
4	10	S	37.5	0.698303795635497
4	10	S	37.5	0.998014821317032
5	10	S	37.5	0.899533099187591
5	10	S	37.5	0.695057415407328
5	10	S	37.5	0.844814917238762
5	10	S	37.5	0.629870810946584
5	10	S	37.5	0.481060401130747
5	10	S	37.5	0.582412729445472
5	10	S	37.5	0.565966968619991
5	10	S	37.5	0.7007594276562
5	10	S	37.5	0.73842142060979
5	10	S	37.5	0.562803619214309
6	10	S	37.5	0.805382072326223
6	10	S	37.5	0.639096557257278
6	10	S	37.5	0.695848407048167
6	10	S	37.5	0.66388756619568
6	10	S	37.5	0.746125396557876
6	10	S	37.5	0.896332088008381
6	10	S	37.5	0.733274738723284
6	10	S	37.5	0.713574604801412
6	10	S	37.5	0.709184760865259
6	10	S	37.5	0.849768080667228
7	10	S	37.5	0.927503554827084
7	10	S	37.5	0.738116419364044
7	10	S	37.5	0.846261910551741
7	10	S	37.5	0.809444232104558
7	10	S	37.5	0.921661012352465
7	10	S	37.5	0.755857662218077
7	10	S	37.5	0.760434345657732
7	10	S	37.5	0.817165327445361
7	10	S	37.5	0.740780296378527
7	10	S	37.5	0.754792111220695
8	10	S	37.5	0.924658488817459
8	10	S	37.5	0.951175067951036
8	10	S	37.5	0.938713908551172
8	10	S	37.5	0.919000129102752
8	10	S	37.5	0.953936568853266
8	10	S	37.5	1.01817416527934
8	10	S	37.5	0.836873942555079
8	10	S	37.5	1.08118687864497
8	10	S	37.5	0.902977352139188
8	10	S	37.5	0.951489985572436
9	10	S	37.5	1.19546431650616
9	10	S	37.5	1.20244064848227
9	10	S	37.5	1.16952338724586
9	10	S	37.5	1.39931051886664
9	10	S	37.5	1.30597055552527
9	10	S	37.5	1.20572860260023
9	10	S	37.5	1.08978080515199
9	10	S	37.5	1.23385375743023
9	10	S	37.5	1.37944357313184
9	10	S	37.5	1.1295934265309
10	10	S	37.5	0.684371229370393
10	10	S	37.5	0.6429219319521
10	10	S	37.5	0.845411203835163
10	10	S	37.5	0.790315470203887
10	10	S	37.5	0.926267207570219
10	10	S	37.5	0.901459143962221
10	10	S	37.5	0.88829307910835
10	10	S	37.5	0.915636669256681
10	10	S	37.5	0.895424687885924
10	10	S	37.5	1.04072371925428
1	11	M	37.5	1.33246584177088
1	11	M	37.5	1.23086386736701
1	11	M	37.5	0.956463241645329
1	11	M	37.5	1.24176894067197
1	11	M	37.5	1.13077029855377
1	11	M	37.5	1.2582792604915
1	11	M	37.5	1.14668012619397
1	11	M	37.5	1.01420045391893
1	11	M	37.5	1.29692350113392
1	11	M	37.5	1.40034351190622
2	11	M	37.5	0.919431144689856
2	11	M	37.5	0.956186934162068
2	11	M	37.5	0.982924660997075
2	11	M	37.5	0.927899920215622
2	11	M	37.5	0.997463073451414
2	11	M	37.5	0.989009581051396
2	11	M	37.5	0.931264115672481
2	11	M	37.5	0.982541947280345
2	11	M	37.5	0.965145455476744
2	11	M	37.5	0.990466586097362
3	11	M	37.5	1.44106078114773
3	11	M	37.5	1.46448613518647
3	11	M	37.5	1.33436406692187
3	11	M	37.5	1.35634702838316
3	11	M	37.5	1.18570196509493
3	11	M	37.5	1.22497094161686
3	11	M	37.5	0.990602058163294
3	11	M	37.5	1.33351951285018
3	11	M	37.5	1.28079763100255
3	11	M	37.5	1.28654821779079
4	11	M	37.5	0.938131816762131
4	11	M	37.5	1.12086424635083
4	11	M	37.5	1.08570297613809
4	11	M	37.5	1.23113333422519
4	11	M	37.5	1.04277216548575
4	11	M	37.5	1.06033817484342
4	11	M	37.5	1.02676482711165
4	11	M	37.5	1.06734488280776
4	11	M	37.5	1.10027166105013
4	11	M	37.5	1.15392979409584
5	11	M	37.5	0.850508668645223
5	11	M	37.5	0.882417426357999
5	11	M	37.5	0.819064559760156
5	11	M	37.5	0.809200654122176
5	11	M	37.5	0.720029274823253
5	11	M	37.5	0.823212366730032
5	11	M	37.5	0.799345467426985
5	11	M	37.5	0.741553562912293
5	11	M	37.5	0.735719339080638
5	11	M	37.5	0.797347496857466
6	11	M	37.5	0.797971929788587
6	11	M	37.5	0.943821285892117
6	11	M	37.5	1.03064030207194
6	11	M	37.5	0.907095197607126
6	11	M	37.5	1.06799045725145
6	11	M	37.5	1.077239410659
6	11	M	37.5	1.01921852961185
6	11	M	37.5	0.942594671663661
6	11	M	37.5	1.01085137409358
6	11	M	37.5	0.968041030105029
7	11	M	37.5	0.942220305087031
7	11	M	37.5	0.98242796420609
7	11	M	37.5	0.963487326621526
7	11	M	37.5	0.955279209778884
7	11	M	37.5	1.04530409190177
7	11	M	37.5	0.935272437857297
7	11	M	37.5	1.07917311119024
7	11	M	37.5	1.0178013505954
7	11	M	37.5	0.967915637222264
7	11	M	37.5	0.854104958035892
8	11	M	37.5	0.961992901807752
8	11	M	37.5	1.22822628500074
8	11	M	37.5	1.2255370224082
8	11	M	37.5	1.16396890977126
8	11	M	37.5	1.0677812010381
8	11	M	37.5	1.2589552912052
8	11	M	37.5	1.23605748602757
8	11	M	37.5	1.200414494033
8	11	M	37.5	1.3135392519921
8	11	M	37.5	1.16823356136706
9	11	M	37.5	1.16538384502627
9	11	M	37.5	1.32205496234466
9	11	M	37.5	1.23329041086637
9	11	M	37.5	1.40331212968277
9	11	M	37.5	1.32655633720831
9	11	M	37.5	1.46655789589016
9	11	M	37.5	1.45537541182447
9	11	M	37.5	1.38661295216828
9	11	M	37.5	1.32916680300629
9	11	M	37.5	1.17676796168077
10	11	M	37.5	0.705337492509478
10	11	M	37.5	0.963924963216834
10	11	M	37.5	1.10954496019501
10	11	M	37.5	0.963327138381858
10	11	M	37.5	1.03027226550486
10	11	M	37.5	1.05397834023846
10	11	M	37.5	1.14055885294535
10	11	M	37.5	1.05025673292199
10	11	M	37.5	1.0288472655773
10	11	M	37.5	1.07570930879831
1	12	T	37.5	1.36026491775169
1	12	T	37.5	1.43412316051113
1	12	T	37.5	1.30484886415703
1	12	T	37.5	1.35098594318905
1	12	T	37.5	1.23876029836527
1	12	T	37.5	1.36723885888239
1	12	T	37.5	1.35559376844252
1	12	T	37.5	1.2720998720704
1	12	T	37.5	1.43624677071537
1	12	T	37.5	1.41396717900942
2	12	T	37.5	1.13619101558164
2	12	T	37.5	1.04264604884328
2	12	T	37.5	1.18685830923977
2	12	T	37.5	1.14118629017912
2	12	T	37.5	1.15236516886271
2	12	T	37.5	1.19825555098915
2	12	T	37.5	1.11704596130614
2	12	T	37.5	1.10046562628238
2	12	T	37.5	1.12998179894689
2	12	T	37.5	1.10079227548985
3	12	T	37.5	1.25798446186573
3	12	T	37.5	1.48421800299012
3	12	T	37.5	1.47477648064383
3	12	T	37.5	1.4981576121126
3	12	T	37.5	1.41328668840004
3	12	T	37.5	1.46228854095454
3	12	T	37.5	1.44855052774047
3	12	T	37.5	1.43365051950674
3	12	T	37.5	1.65102475904613
3	12	T	37.5	1.50171161842886
4	12	T	37.5	1.23154075655858
4	12	T	37.5	1.30949766191466
4	12	T	37.5	1.47714942132687
4	12	T	37.5	1.24199405924543
4	12	T	37.5	1.19327270437453
4	12	T	37.5	1.21946764442187
4	12	T	37.5	1.32308970522212
4	12	T	37.5	1.22193575753798
4	12	T	37.5	1.00453306108927
4	12	T	37.5	1.32958045493126
5	12	T	37.5	0.976017387067373
5	12	T	37.5	0.853503683418586
5	12	T	37.5	0.990177146538675
5	12	T	37.5	0.89510242245319
5	12	T	37.5	0.905900072939165
5	12	T	37.5	0.949565709592845
5	12	T	37.5	0.960148542790967
5	12	T	37.5	0.934282091838763
5	12	T	37.5	0.910358869972013
5	12	T	37.5	0.892816808892535
6	12	T	37.5	1.15323235602214
6	12	T	37.5	1.23111527781259
6	12	T	37.5	1.12261790282573
6	12	T	37.5	1.12114294144527
6	12	T	37.5	1.25586193018703
6	12	T	37.5	1.19773450695646
6	12	T	37.5	1.13716140757187
6	12	T	37.5	1.1650504342234
6	12	T	37.5	0.992763711119369
6	12	T	37.5	1.16654978029796
7	12	T	37.5	1.06270075435114
7	12	T	37.5	1.19881121357736
7	12	T	37.5	1.36733600411333
7	12	T	37.5	1.20508609273615
7	12	T	37.5	1.26866001182048
7	12	T	37.5	1.16032543498996
7	12	T	37.5	1.10054225080516
7	12	T	37.5	1.1426307881824
7	12	T	37.5	1.09533603164259
7	12	T	37.5	1.26102815011215
8	12	T	37.5	1.31048884252707
8	12	T	37.5	1.22175119899116
8	12	T	37.5	1.36950043525089
8	12	T	37.5	1.36345498433914
8	12	T	37.5	1.38199587984347
8	12	T	37.5	1.39932575869132
8	12	T	37.5	1.29269030694455
8	12	T	37.5	1.36805216660379
8	12	T	37.5	1.2944225936171
8	12	T	37.5	1.33601788917279
9	12	T	37.5	1.62343025776564
9	12	T	37.5	1.49852628190693
9	12	T	37.5	1.48084513634041
9	12	T	37.5	1.51181962153284
9	12	T	37.5	1.60953816842396
9	12	T	37.5	1.52010478149786
9	12	T	37.5	1.61825187024455
9	12	T	37.5	1.65715078507895
9	12	T	37.5	1.49831374646675
9	12	T	37.5	1.44500192603285
10	12	T	37.5	1.16724764659053
10	12	T	37.5	1.23880160445772
10	12	T	37.5	1.28357693790104
10	12	T	37.5	1.30018661476431
10	12	T	37.5	1.26132938154135
10	12	T	37.5	1.17076121894641
10	12	T	37.5	1.27385663833333
10	12	T	37.5	1.25835181595273
10	12	T	37.5	1.31145354031623
10	12	T	37.5	1.25144830631547
1	13	S	45	1.00374049244533
1	13	S	45	1.10651715900029
1	13	S	45	1.03876362319918
1	13	S	45	1.01664095336041
1	13	S	45	0.938920292166927
1	13	S	45	0.991131499118088
1	13	S	45	0.956413072257072
1	13	S	45	1.07906868108618
1	13	S	45	1.23955702321557
1	13	S	45	1.2490637839666
2	13	S	45	0.667488297037776
2	13	S	45	0.611288596874991
2	13	S	45	0.851366237460655
2	13	S	45	0.730077107497814
2	13	S	45	0.791884025509739
2	13	S	45	0.64175612753319
2	13	S	45	0.742083328827536
2	13	S	45	0.683885881871735
2	13	S	45	0.64628398828431
2	13	S	45	0.701312433075814
3	13	S	45	0.825752383369698
3	13	S	45	1.11232110738582
3	13	S	45	1.03227766027313
3	13	S	45	1.05074684691857
3	13	S	45	1.0462675024562
3	13	S	45	0.986859635052466
3	13	S	45	1.05882905525675
3	13	S	45	1.07588694728154
3	13	S	45	1.12880030482401
3	13	S	45	1.08283866385312
4	13	S	45	0.883548222750152
4	13	S	45	0.879361581263448
4	13	S	45	0.836941843394851
4	13	S	45	0.988682680545283
4	13	S	45	0.81758439087099
4	13	S	45	0.936387220243391
4	13	S	45	0.894514115936948
4	13	S	45	0.795572690438478
4	13	S	45	0.999450284254039
4	13	S	45	1.0274486351175
5	13	S	45	0.624883976687271
5	13	S	45	0.786854037670717
5	13	S	45	0.781078796990523
5	13	S	45	0.71791941671976
5	13	S	45	0.699398950389274
5	13	S	45	0.599958127806906
5	13	S	45	0.692669176301568
5	13	S	45	0.500914091527533
5	13	S	45	0.476557028832031
5	13	S	45	0.483602284375145
6	13	S	45	0.576110352257419
6	13	S	45	0.613261796825937
6	13	S	45	0.688021004300866
6	13	S	45	0.762676737955537
6	13	S	45	0.74658591487931
6	13	S	45	0.541225882253612
6	13	S	45	0.814527041173316
6	13	S	45	0.651702963095645
6	13	S	45	0.720609093802417
6	13	S	45	0.80106707141995
7	13	S	45	0.84429674617968
7	13	S	45	0.882192881602862
7	13	S	45	0.635888770862369
7	13	S	45	0.757115640791489
7	13	S	45	0.774084345626395
7	13	S	45	0.980875634239704
7	13	S	45	0.793770500205672
7	13	S	45	0.849801729924501
7	13	S	45	0.804500257750792
7	13	S	45	0.799084091075465
8	13	S	45	0.900054116166582
8	13	S	45	0.845168939055404
8	13	S	45	1.0950398309651
8	13	S	45	0.940229192742053
8	13	S	45	0.892464868249301
8	13	S	45	0.86042570212527
8	13	S	45	0.944550707166199
8	13	S	45	0.61006098180933
8	13	S	45	0.876777339881562
8	13	S	45	0.744780273920163
9	13	S	45	1.13442187927217
9	13	S	45	1.25465563821953
9	13	S	45	0.960291819184993
9	13	S	45	1.14543115462444
9	13	S	45	1.08072586769222
9	13	S	45	1.17041818779187
9	13	S	45	1.2152923488346
9	13	S	45	1.33617909504183
9	13	S	45	1.16601263561479
9	13	S	45	1.09533836858238
10	13	S	45	0.701462149381787
10	13	S	45	0.573340874543311
10	13	S	45	0.655645656070677
10	13	S	45	0.717664679234619
10	13	S	45	0.80286059414386
10	13	S	45	0.752467791487038
10	13	S	45	0.881557360688913
10	13	S	45	0.896635684016728
10	13	S	45	0.792736035511494
10	13	S	45	0.918601866286493
1	14	M	45	1.26810806027852
1	14	M	45	1.31135272050861
1	14	M	45	1.39767448616717
1	14	M	45	1.33954496825326
1	14	M	45	1.05521807048519
1	14	M	45	1.18123311701302
1	14	M	45	1.24767643573418
1	14	M	45	1.16196698203864
1	14	M	45	1.37061916257666
1	14	M	45	1.10180706614313
2	14	M	45	0.852561653039671
2	14	M	45	1.02077530393931
2	14	M	45	0.926100101328808
2	14	M	45	1.07339247504455
2	14	M	45	0.985115272040407
2	14	M	45	0.979558044102401
2	14	M	45	0.919271488980553
2	14	M	45	0.866027736750305
2	14	M	45	0.799140191600064
2	14	M	45	0.75731806185699
3	14	M	45	1.34531789868819
3	14	M	45	1.1151820079012
3	14	M	45	1.37841629705699
3	14	M	45	1.43952218374497
3	14	M	45	0.965231275725045
3	14	M	45	1.35501680019577
3	14	M	45	1.42946274480308
3	14	M	45	1.3913089225814
3	14	M	45	1.31553084484673
3	14	M	45	1.43201239684877
4	14	M	45	1.09711771538829
4	14	M	45	1.00246351932671
4	14	M	45	1.00344628216234
4	14	M	45	1.03270415560655
4	14	M	45	1.00031594412539
4	14	M	45	1.00988334540075
4	14	M	45	0.957654728284605
4	14	M	45	0.908945600389264
4	14	M	45	0.901251061331803
4	14	M	45	1.10540366568842
5	14	M	45	0.959216719419086
5	14	M	45	0.939779969456819
5	14	M	45	0.919690011218613
5	14	M	45	0.724852162568731
5	14	M	45	0.74826235454194
5	14	M	45	0.801915722535295
5	14	M	45	0.809205421302806
5	14	M	45	0.782468118382656
5	14	M	45	0.840146869108532
5	14	M	45	0.799808796945113
6	14	M	45	0.984660036881412
6	14	M	45	0.968653329585422
6	14	M	45	0.727765175031672
6	14	M	45	0.839924398530336
6	14	M	45	0.913956342521408
6	14	M	45	0.932733871052218
6	14	M	45	0.739423698422764
6	14	M	45	0.83613926643272
6	14	M	45	0.959494073835668
6	14	M	45	0.875053258267634
7	14	M	45	1.01381580560076
7	14	M	45	1.04436462125796
7	14	M	45	1.01370076063584
7	14	M	45	0.9768385607503
7	14	M	45	1.00746079257176
7	14	M	45	1.03407844638986
7	14	M	45	1.02664710478601
7	14	M	45	1.14648935276782
7	14	M	45	0.765800331809034
7	14	M	45	0.934626307447407
8	14	M	45	0.982329950299759
8	14	M	45	1.17819891898762
8	14	M	45	1.08377331184965
8	14	M	45	1.12097020253558
8	14	M	45	1.12590077528225
8	14	M	45	1.12334186462175
8	14	M	45	1.04552978083182
8	14	M	45	1.22434655064857
8	14	M	45	1.0512553103341
8	14	M	45	1.10813241157988
9	14	M	45	1.3329624402403
9	14	M	45	1.47915942547533
9	14	M	45	1.20860663499654
9	14	M	45	1.3158818737409
9	14	M	45	1.3454321121318
9	14	M	45	1.29644805674175
9	14	M	45	1.31975360766415
9	14	M	45	1.34785840216761
9	14	M	45	1.26530685639193
9	14	M	45	1.35071747716937
10	14	M	45	0.86124841381897
10	14	M	45	0.959755052538563
10	14	M	45	0.908603044002436
10	14	M	45	1.16221390433973
10	14	M	45	0.908883911392679
10	14	M	45	1.01947549524784
10	14	M	45	1.19831509140022
10	14	M	45	0.965944467261638
10	14	M	45	1.10969877873613
10	14	M	45	1.07835752790378
1	15	T	45	1.29795595639129
1	15	T	45	1.56437093064055
1	15	T	45	1.22478170586546
1	15	T	45	1.33405350681924
1	15	T	45	1.11259603617649
1	15	T	45	1.37292744601366
1	15	T	45	1.45245848219229
1	15	T	45	1.21449763089406
1	15	T	45	1.32951388257786
1	15	T	45	1.35295619501932
2	15	T	45	1.10546294948572
2	15	T	45	0.99984082257696
2	15	T	45	1.14746115562217
2	15	T	45	0.993415482965176
2	15	T	45	1.05025010646377
2	15	T	45	1.12319305664056
2	15	T	45	1.06781465136596
2	15	T	45	1.0511447124053
2	15	T	45	1.07686240699001
2	15	T	45	1.03947298229302
3	15	T	45	1.50299525658783
3	15	T	45	1.54995513654025
3	15	T	45	1.40861527101651
3	15	T	45	1.52560380369939
3	15	T	45	1.38211778399668
3	15	T	45	1.46784690496086
3	15	T	45	1.62402333993886
3	15	T	45	1.44242815404666
3	15	T	45	1.64260993533193
3	15	T	45	1.41972940448086
4	15	T	45	1.2452758857173
4	15	T	45	1.30186088310236
4	15	T	45	1.176600122249
4	15	T	45	1.22527101365718
4	15	T	45	1.20437015074032
4	15	T	45	1.35007210231371
4	15	T	45	1.20425909166682
4	15	T	45	1.25864421579568
4	15	T	45	1.15786547445414
4	15	T	45	1.26167426568546
5	15	T	45	1.18735993302644
5	15	T	45	1.201604082147
5	15	T	45	0.876369908016297
5	15	T	45	0.947731115618313
5	15	T	45	0.929603386182676
5	15	T	45	0.767052654714185
5	15	T	45	0.877677175344727
5	15	T	45	1.00597848914886
5	15	T	45	0.843544888069685
5	15	T	45	1.02881040992303
6	15	T	45	1.15785289262324
6	15	T	45	1.16040648008806
6	15	T	45	1.0522220718084
6	15	T	45	1.00222723342556
6	15	T	45	1.0795186812661
6	15	T	45	1.25523299775817
6	15	T	45	1.10084431686558
6	15	T	45	1.12934358276662
6	15	T	45	0.999826507526681
6	15	T	45	0.992751685673204
7	15	T	45	1.25124061681803
7	15	T	45	1.29492598685544
7	15	T	45	1.32816989158376
7	15	T	45	1.2896817540497
7	15	T	45	1.19798499420632
7	15	T	45	1.30593477924808
7	15	T	45	1.16249322322472
7	15	T	45	1.23340089961531
7	15	T	45	1.22412524721732
7	15	T	45	1.135349727043
8	15	T	45	1.21697351901579
8	15	T	45	1.33048694616816
8	15	T	45	1.28371130228168
8	15	T	45	1.19143509890287
8	15	T	45	1.23762819652305
8	15	T	45	1.26024751779145
8	15	T	45	1.15071353944876
8	15	T	45	1.40373102793029
8	15	T	45	1.32739861980942
8	15	T	45	1.20928652633458
9	15	T	45	1.46474855861759
9	15	T	45	1.23633874803106
9	15	T	45	1.58349765680347
9	15	T	45	1.46066936549211
9	15	T	45	1.56522771645172
9	15	T	45	1.69261486795715
9	15	T	45	1.48352497242709
9	15	T	45	1.48490114909297
9	15	T	45	1.60463063674572
9	15	T	45	1.50836766270036
10	15	T	45	1.2427944492471
10	15	T	45	1.15267508258076
10	15	T	45	1.36913287264857
10	15	T	45	1.17588062952767
10	15	T	45	1.33561006134527
10	15	T	45	1.29490873694793
10	15	T	45	1.25295835793626
10	15	T	45	1.44215559329239
10	15	T	45	0.998963257035789
10	15	T	45	1.17795809819763
