octagon	incore	co2	temp	drought	depth	DW
1	1	0	0	0	0-5	15.34993907
1	1	0	0	0	Ohor	14.76957872
1	2	0	0	0	0-5	34.86580485
1	2	0	0	0	Ohor	33.61352398
1	3	0	0	1	0-5	20.18644904
1	3	0	0	1	Ohor	21.39042435
1	4	0	0	1	0-5	26.3757265
1	4	0	0	1	Ohor	10.69521218
1	5	0	1	1	0-5	21.25855311
1	5	0	1	1	Ohor	14.2602829
1	6	0	1	1	0-5	28.51256639
1	6	0	1	1	Ohor	11.20450799
1	7	0	1	0	0-5	42.91127812
1	7	0	1	0	Ohor	32.08563653
1	8	0	1	0	0-5	33.85831455
1	8	0	1	0	Ohor	29.02986162
2	9	1	0	0	0-5	35.2825416
2	9	1	0	0	Ohor	17.82535363
2	10	1	0	0	0-5	62.36583285
2	10	1	0	0	Ohor	27.50197417
2	11	1	0	1	0-5	27.57038704
2	11	1	0	1	Ohor	26.48338253
2	12	1	0	1	0-5	57.66862848
2	12	1	0	1	Ohor	4.583662361
2	13	1	1	1	0-5	62.09246464
2	13	1	1	1	Ohor	16.80676199
2	14	1	1	1	0-5	79.56525496
2	14	1	1	1	Ohor	45.32732779
2	15	1	1	0	0-5	52.00037915
2	15	1	1	0	Ohor	32.59493235
2	16	1	1	0	0-5	48.65259023
2	16	1	1	0	Ohor	52.45746924
3	17	0	0	1	0-5	34.6830452
3	17	0	0	1	Ohor	21.89972017
3	18	0	0	1	0-5	20.70806685
3	18	0	0	1	Ohor	12.73239545
3	19	0	1	1	0-5	47.90586909
3	19	0	1	1	Ohor	25.46479089
3	20	0	1	1	0-5	33.03453505
3	20	0	1	1	Ohor	42.7808487
3	21	0	1	0	0-5	56.29243626
3	21	0	1	0	Ohor	28.5205658
3	22	0	1	0	0-5	58.05612821
3	22	0	1	0	Ohor	69.77352705
3	23	0	0	0	0-5	36.08094271
3	23	0	0	0	Ohor	41.76225707
3	24	0	0	0	0-5	31.00392703
3	24	0	0	0	Ohor	19.35324108
4	25	1	0	1	0-5	49.75390614
4	25	1	0	1	Ohor	29.02986162
4	26	1	0	1	0-5	42.07056641
4	26	1	0	1	Ohor	11.71380381
4	27	1	1	1	0-5	72.88282668
4	27	1	1	1	Ohor	8.148733086
4	28	1	1	1	0-5	69.84132292
4	28	1	1	1	Ohor	54.49465251
4	29	1	1	0	0-5	56.8140132
4	29	1	1	0	Ohor	10.18591636
4	30	1	1	0	0-5	63.77219345
4	30	1	1	0	Ohor	9.167324722
4	31	1	0	0	0-5	66.46893587
4	31	1	0	0	Ohor	10.18591636
4	32	1	0	0	0-5	70.05857479
4	32	1	0	0	Ohor	32.59493235
5	33	1	0	0	0-5	48.87638922
5	33	1	0	0	Ohor	5.092958179
5	34	1	0	0	0-5	43.16816503
5	34	1	0	0	Ohor	12.22309963
5	35	1	1	0	0-5	48.12845479
5	35	1	1	0	Ohor	6.620845633
5	36	1	1	0	0-5	85.01152535
5	36	1	1	0	Ohor	50.42028597
5	37	1	1	1	0-5	20.42340698
5	37	1	1	1	Ohor	20.88112853
5	38	1	1	1	0-5	63.6153953
5	38	1	1	1	Ohor	10.69521218
5	39	1	0	1	0-5	40.76844868
5	39	1	0	1	Ohor	5.092958179
5	40	1	0	1	0-5	55.96845546
5	40	1	0	1	Ohor	75.88507687
6	41	0	0	1	0-5	44.57216503
6	41	0	0	1	Ohor	17.31605781
6	42	0	0	1	0-5	14.63690502
6	42	0	0	1	Ohor	35.14141143
6	43	0	0	0	0-5	32.8730461
6	43	0	0	0	Ohor	14.2602829
6	44	0	0	0	0-5	23.62174514
6	44	0	0	0	Ohor	11.71380381
6	45	0	1	0	0-5	32.34849888
6	45	0	1	0	Ohor	30.04845326
6	46	0	1	0	0-5	49.34663533
6	46	0	1	0	Ohor	55.00394833
6	47	0	1	1	0-5	48.99659033
6	47	0	1	1	Ohor	56.53183579
6	48	0	1	1	0-5	72.61341778
6	48	0	1	1	Ohor	23.93690344
7	49	0	0	0	0-5	40.48901752
7	49	0	0	0	Ohor	12.73239545
7	50	0	0	0	0-5	42.04026717
7	50	0	0	0	Ohor	37.17859471
7	51	0	0	1	0-5	25.07943875
7	51	0	0	1	Ohor	7.639437268
7	52	0	0	1	0-5	21.48302359
7	52	0	0	1	Ohor	16.70490283
7	53	0	1	1	0-5	37.47318739
7	53	0	1	1	Ohor	11.71380381
7	54	0	1	1	0-5	59.06640152
7	54	0	1	1	Ohor	16.29746617
7	55	0	1	0	0-5	35.14775122
7	55	0	1	0	Ohor	19.35324108
7	56	0	1	0	0-5	20.60013774
7	56	0	1	0	Ohor	39.21577798
8	57	1	0	0	0-5	28.68384005
8	57	1	0	0	Ohor	8.148733086
8	58	1	0	0	0-5	61.02373314
8	58	1	0	0	Ohor	6.111549815
8	59	1	1	0	0-5	38.50719249
8	59	1	1	0	Ohor	23.42760762
8	60	1	1	0	0-5	98.15930178
8	60	1	1	0	Ohor	21.89972017
8	61	1	1	1	0-5	36.78420099
8	61	1	1	1	Ohor	7.639437268
8	62	1	1	1	0-5	55.47092444
8	62	1	1	1	Ohor	19.35324108
8	63	1	0	1	0-5	56.97207454
8	63	1	0	1	Ohor	16.80676199
8	64	1	0	1	0-5	56.6284714
8	64	1	0	1	Ohor	26.99267835
9	65	0	0	0	0-5	20.5703275
9	65	0	0	0	Ohor	11.20450799
9	66	0	0	0	0-5	10.33407514
9	66	0	0	0	Ohor	8.148733086
9	67	0	1	0	0-5	34.79934708
9	67	0	1	0	Ohor	14.76957872
9	68	0	1	0	0-5	29.364087
9	68	0	1	0	Ohor	18.84394526
9	69	0	1	1	0-5	76.28496269
9	69	0	1	1	Ohor	13.75098708
9	70	0	1	1	0-5	13.99620359
9	70	0	1	1	Ohor	19.55695941
9	71	0	0	1	0-5	28.32399549
9	71	0	0	1	Ohor	9.67662054
9	72	0	0	1	0-5	67.98295018
9	72	0	0	1	Ohor	17.31605781
10	73	1	0	1	0-5	36.12695716
10	73	1	0	1	Ohor	29.53915744
10	74	1	0	1	0-5	46.65944137
10	74	1	0	1	Ohor	48.3831027
10	75	1	1	1	0-5	139.1663512
10	75	1	1	1	Ohor	29.53915744
10	76	1	1	1	0-5	42.81321198
10	76	1	1	1	Ohor	21.39042435
10	77	1	1	0	0-5	79.58212458
10	77	1	1	0	Ohor	56.53183579
10	78	1	1	0	0-5	50.70068479
10	78	1	1	0	Ohor	12.22309963
10	79	1	0	0	0-5	58.98649816
10	79	1	0	0	Ohor	23.93690344
10	80	1	0	0	0-5	66.84010251
10	80	1	0	0	Ohor	50.42028597
11	81	0	0	1	0-5	10.14391258
11	81	0	0	1	Ohor	8.658028904
11	82	0	0	1	0-5	37.58397591
11	82	0	0	1	Ohor	7.639437268
11	83	0	1	1	0-5	57.59111858
11	83	0	1	1	Ohor	13.24169127
11	84	0	1	1	0-5	10.74048292
11	84	0	1	1	Ohor	3.565070725
11	85	0	1	0	0-5	29.52936329
11	85	0	1	0	Ohor	9.67662054
11	86	0	1	0	0-5	39.90579167
11	86	0	1	0	Ohor	23.42760762
11	87	0	0	0	0-5	7.986684417
11	87	0	0	0	Ohor	4.583662361
11	88	0	0	0	0-5	44.33219965
11	88	0	0	0	Ohor	23.93690344
12	89	1	0	0	0-5	30.39076684
12	89	1	0	0	Ohor	6.620845633
12	90	1	0	0	0-5	55.6442382
12	90	1	0	0	Ohor	35.14141143
12	91	1	0	1	0-5	29.94659409
12	91	1	0	1	Ohor	17.31605781
12	92	1	0	1	0-5	46.50717943
12	92	1	0	1	Ohor	19.8625369
12	93	1	1	1	0-5	142.7957781
12	93	1	1	1	Ohor	39.7250738
12	94	1	1	1	0-5	65.21896731
12	94	1	1	1	Ohor	35.65070725
12	95	1	1	0	0-5	109.3088188
12	95	1	1	0	Ohor	46.85521525
12	96	1	1	0	0-5	65.33806624
12	96	1	1	0	Ohor	77.41296432
